INDEX NOMINUM. 767

1100000000 0. 110000 3015005019 6. Imm. 1106005000, 1105100110 0. 1109900011
110εο001010, 60 419 1101005009, 3011005009 353. 377. 3650500000 d. 0100. 1115050000,
110εο001010 a. cl. 09001 Haeduus, ps. — 60 405. 414. 415. 419. 420. 1119050000 516. 521
17111. 000500,60144 429. 433. 435. 437. 439. 490. 11005 9. 00001001. 1105, 11050 289.
11005010( 9161001. suscitemur 110- 491. 593 290. 294. 383. 453. 503. 671
60050100, 1100050111, 60464575 1101500οο51 pf. Wirt. 1700005010 11005, 110050 v. 110005
110010, 60 127 110100001 77 3005005019 (ouer) apud civ. Hel·
110000 pf. 2011. (9190000910 110· 1161510 pf. Vorarlbery. 1516111101( rut. 001. 1105005009, 60 622
000000, 11000000, 60 199. 200. 11001100 479 11005000οἰ0, 60 602. 605
218. 219. 579 0. 5000000 1101501006 (11000001) (13010. 1106- 1100501101000 v. Rueschlikou
1100000 6. Imm. Rossowa, de mund. 60 408 11006 6. Α1900. 110060, 1100600
520 11015000 6. 1100001151εο 60304375 570. - 60 347. 348. 352. 353.
1100105019 0. d. 00061008610716. 05150009111011. 7700900 1100100 354. 355. 356. 382. 385. 413. 437.
- 110090005, 1100005009, 3000150005, 677 576, 576, 586, 596
1108896ΐῦ11, 1108711616, de (R0⁸· 1101500000110150000500000 110601061501900110601100, 60403
900901) 288. 503. 506. 507. 509. 1101500011 ps. 1106. 30010005 1101· 110601109006. Το1(’0.110601110900
510. 551. 559. 561. 563. 564. 567. 011, 60 314 505
568. 572. 574. 591. 010. 670 11011900 0. 11099600 1100600001] d. Rem. 1166015011
110005οἰ0 0. 11005010( 11001100 0. 1161510 1110610011, 1166100011 406. - 60
11501 9. 15110. 1100101, 110001 555. 110110001οη (1. 0009011. 1106000001, 407. 408. 409. 411. 414. 416. 417.
563. 572. 573. 574. 577. 578. 579. 1106000100, Rotundus 110000 464 420. 497
582. 586. 587. 591 467. 469 1156005050, 60 94
1100011 0. 11000011 11011 ps. Bau. 10060509 110147 1166111000 6.10000.1100611100, 1100-
11019801009500. 11015, 110100 499. 11011, 60, v. 11015 (1101100 354. 442. 445
503. 505. 506. 507. 508. 509 11011 pf. Bau. Wasrerbury ubb.Io· 3006119006300110061101000496
11019. 0110. 71 · hunnos 1116110 v. 116111
1101, 11010 0. 11015 11011010 ps. 1106. zur-rach 11001010, 1106110900 0111061109οη
1101- 11001- 0. 11011· 11011- 11015- 1100101110 589. 607. - 00010510- 11060110101100 6. 11900. 11006011-
11515- 11011- 01000 Frena 0101100, 11006010101100557. 561.
11010 0. 11001 11611010 pf. Bari. Wazdruur 1100101- 563, 564, 567, 566, 586, 584
11010 66. 71 heim, 11001001οἰ0, (10 284. 289. 116100001111010
1101010 6. 00000. 1100101011001000, 381. 553 11011005 9111001. 0011001 11001005
11001100 630. 638. - 60 645 30110000100 pf. Wr'rt. 51551900 110- 436
11010001010 pf. Bau. 1600010900 10000501167 110100 v. 11111100
3010001010, 110110010ίο, 1101100- 11011- 0. 11011- 11011- 11015· 3010500000 611001161100500000,
01010, 60 100. 108.109.112.113. 11011005009010. 17101. 1101005000, 60 526
651 60 246. 260 Rufus 0. 11015
1101900 v. 11099600 3011000011 d. 11900. 1101000110, 11001010 9. Turio. 573. 578
11015, cella S. Urbani 493 1101100000, 110110εο110 438. 439. 1109009009 0. 3009905009
11015 (0510) pf. Bau. 1110110000 - 60 424. 429. 431. 438 11099 60 ’1000099 9. 15019011.
11051, 1161, 11010,11011, 110051, 11611109009161151Νο11051100110- 1109, 110990 399. 400401. 402.
60 (cogn. Wackerneiz, Schwin· dingen 75 403. 405. 527. 528. 529. 530. 531
krist) 56. 57. 64. 65. 67. 70. 71. 110110011010. Wirt. 1101011, 11001- 1109900110011
102.103.104.105.108.109.112. 011 64. 91. 475. 506. 508564. 1109905010 01109900
115. 117. 130. 132135242. 246. 507. 587. 672. 677. - Ρο0061- 116099010011 (1. Samari. 110001110-
391. 473 0010000 309 willer 466
11015 pf. Wirr. Leutluirrlr 11010, 1101100011-11101061 9111001. 11011007 uueggisberg 6. Rem. 1169009009.
110150, 11011 202-205, 207. - 1101011- Antiqua 0101100 501 9900.1101001000
abbr Βο01501600, 169101100, Hein- 1101101100 0. 11601100 110910 0. 1100005
ricus, Iohannes, 01100, 10500100. 1101006 0.(1. apud 1001010917001. 11009000 d. Rem. 111090οο, 11100000,
- magistra 01000010. - 99001( 0101000 11060060, 60 651. 652 110000οο 406. 411. 416. 419. -
11501100, 3001501600, 1101001000, Rotundus Mons v. 1105000100 60 410. 432-000910100οε (19000,
Iohannes, Reinhardus,Wernherus 1 11006001 0. 110506001 , clementa, 11009001
11615005οο5 ps. 1106. 110010611110000009000 0. 1101005009 Ruh, 11050 v. 110005, 11005
3001005005 334. 335 110051 0. 11015 1105001010, 60 304

3615005005ρῇ11001110600110110· 11001011 0. 110110011 1305005009 0. 3005005009
5005 146 (3050050000 0. 110150οω500(οη ’110111 prope Βο11100 561
1101500501906 Tuberum 010. 000911650990, 11050990, 60 541. 561 11001( 0. d. 0906 civ. Win. 11100
11010050005610110050096092- 110500 50 510100 110990, conr: 3150150,
dux 1016001000 ’,3050050100 364 Sifridus. - 60 254

 

