722 11111 10011100.

91111011 ps. 9002010001100110, 90901101. 11111011 Fonte, de 354
de 129. 122 90091111 miles 498 90110 mooun. 5110. 90100110 9901
9111111111 d. 141900. 91111111439 9090111109 apud 9011110911. Ar· 1019011101
9111111111 11. Imm. 9111111101, 900. 522 90111101, 90111111 [91111111 pf.
9119101 495. - de 489. 499. 90911011611 9. 8009011. 446. 448. Bau. 1160111011 Π1] 62. 6161
491. 492 449. 459. 451. 452. 453. 481. 9011100101, 9011110 17.18
9111111111 pf. Wirt. 91110109 911· 9091 9. 0110911100. 9091159. 152. 9011110110 993111. nram Vor-
91111, 91111111 648. 675 298. 394. 396 11110, de 394
9111111091. 30091117111109111110, 9011019 pf. Bau. Psafferdwsen Boh· 901111, 90111119. 10111110
de 21, 28, 31 burg, de 93 90111101. 901111 ’
91111101· v. 9111110910 911110 9. 11100109. d 3009011. 91· 901 11111100 1. 1111111111, 11
91111101111 d. 90111. 9111110111, 110,9111110,91’11110,9011,901110 90110, de 536
de 541. 562 214. 215. 216. 217. 448. 465. 466. 901101 ps. 19101. 1111011119 9011·
9111110910 ἀ. 91101911191111111 1. 469. 471. 474. 478. 479. 483. 692 111, 190111, de 266. 225
Μ1111010110911,91111101,91- 9011101101101.11.091111 11011011. 9011199901 1411110191. 19111] 239
11111010, 9111111000, 91111000 99110900 9010010100, de 298 9611111110 991100. Emmdim
494. 495. 446. 447. 459. 451. 539. 901111010111,901011111101.1109101 911101111110, 901111111εο 901-
-111111111111101, 9000111101, Aminea} d. 81109011. 481 stetten 335. 337. 349. - 111299.
9111100101, Η11011101, 1110101, 9011· 901· 9010· Polou-Vol· 901111· 308
10110011111190111101, 91101101, 9011· 9011100011 1. 11οο11011
1100101911,191111110001,911111 9011111101 091. 901. “1¹¹0 1251595. 9111111, 111639. 632
9111111111 11. 71011. 9111111111, de 598 641 901109. Monac. 21. 32
9111101 1. Ant 90191101 1119111001019. ’,1 [1181] 9111181110 v· Fresselin
vispach, 91111111 v. 9111111111 651 911001, 109011 91991001, 9190111·
9111119.14119111911110121.122 9011001111. 19111109. ’1,’9 1364 101
91101 11101101 111811109111037. 597. “jn 1394 665 Francia, reges: 49011, 91111011,
‘jn [1500] 127 90101101 abb. ¹⁸1'2 89 Philippus. - 10911 filius 1111101
91111101. 1911110 9011011101 abb. Degging. ’,ἰ 74 ’9111911ἱο 378
911111 d. 11001009911111, de 410 90101101 111. 911110. ’91 [1157] 9110111101 110111 110. Constant
911011010914119011911111001001 243 ’91 1396 289
57. 69. 63. 65. 88. 187 9011101101 abb. [Ρ11111101] ’1,1. 9110111101 Stoeni 010 1111. ’11
91101 11. 91011,, de 371 [1944] 481. ’91 675 1374 637
10100311 9010001111. 11011. ’,1 153 9100111001 90110 uantur, officialis
9111111 d. 8009011. 459 9011101101 (11110011019110.Αο- 11111. 31111. ”jo 496
9110111011 6111101189. 90 9011. 'js 187 911010 eun. [Can] ⁰.. 636 .
9101100110110 d. Rem. 9119100· 9010111011οο ’9. 255 911010 191. 99011011. ’,ι [9,. 999]
husen 492. 494 901011011001.1119101019 ’11492 663
1110111019 pfl 1911210101·οΛ0 9011101101 de Thalhofeu ppos. 9110100111 12. 27. 461
164 August. '²1¹⁸ 59 ffinkenbach 9911011. 1111110911
910111011111 ps. Wirt. 9190109 90101101 9901. ⁸1¹⁴ 249 9001101111 224. 229
9100101111, de 152 Folcwiuns 111. [1111110010] ’91 9110110110110 1. 9100110111οκ0
9101100, 910110 613 [866] 274 91111 [de 1901111119] 9. equam
Flos 1. Blum Volders ps. 11111. Η111 901111, 9110011011 58. 65
Flu, 1011 der 416 9011113. 25. 29 9001100010 d. 11110. 9100100·
9101100 d. Urau. 9100100 514. 518. Veli, 9011101. 9611110 brunnen 405-20. 541. - 1111.Ι
519. - de 372 9611001019 pf. Tirol. 1101110111 9110111111,Αο01,8111111,10111001
91010 572. - de 542. 575 91110011111, 9091091111, de 10111000,11019101
91011, 9100, 001 v. Zur 91010 (911110111911)16.17.18. 19. 21. 9110101119 a. d. apud 1111101111
910011 d. 8009011. 910000, 910001, 26. 27. 31. 32 d. 911100. 9100001119, 110645
91001011, Flumina, 9101011361. 9111101009οη v. 9100100910 9110001019 999001119109911110·
629. 634. 639. - de 623. 627. 901009110131111101123 1019,(11(911110101901)28.92
629. 643 9111997101.1006001119011,11148 91101011990100 11. Rem. 909911
Fluntem d. Turio. Fluontren 551, 9001 11111111 v. 9001101011 9199111011, 9119901100, 91990111
552. 553. 554. 559. 560. 562. 564, 9001 111911 1. 116019111οο0 419. 413. 414. 416. 417
571, 574, 580, 582, 583, - (celle. 9001 8110111 1. Η111111000 9110101111 d. 110901. 9110001011,
rarii) de 552. 554. 564. 566, 571, 9001 1. Galli v. 9111111000 9101101016 529. 533. - 11011090.
583, v. 1911110011111 900111110119101. 91001. 110101 11 Ηο1111111111) 197. 198. 299. 399.
Vogelholz d. Uran. 544. 130111 9001 91111111 129 395. 397. 531. 533. 552. 572. 516,
9191111019 1190119011. 9019111101· 9001011118009011. 9001101οε, de 698. 612
berk 479 636 9001011011 1. 91001111

 

