11111( 15111111. 693'

8158515515 9. 0511555115. 161. 282. Philippus rex 851111815151111) 144. Biegen (851- Nida-J 111. 87115.
286. 291. 292. 293. 295. 392. 394. 228. 231. ’1111208 83. 149. 227. 8155155519 811911, 8159111 224.
395. 396. 452. 532. 537. 573. 620. 254. 289. ²⁰1· 166. 1111204235. 229
631. 673 340. 662. 672. 1111362. 1111220 8151 (1. Rern. 815111, 81585 493. -

Ρ15111551 d. 15155111. Phephinkon Ρ5111115111.Ρ11111111511 65 408. 411. 413. 415. 418. 419
348. 343. 350. 352. 355. - 61 815519. 8115655551353. 373. 378. 81515119 v. Beyenburg ,
347. 348. 350. 352. 387 438538. 539. 542. 544. 551. 554. 81111911 111. 856. 85551511, 65 298.

8151119. Turio. 553. 557. 569. 561. 556. 558. 560. 561. 567. 579. 572. 299
576. 578. 583. 586 574. 575. 576. 577. 578. 579. 581. Pienzenau (81555 Κ1515-) 111855.

8111551. 81511111 582. 585. 586 Μ1555561, 65 (8111111515, Pyen·

Pfetten [mmo 1151115165 Rati-1, Bibera v. Bibern zenawer) 23. 1530. 32. 60
(11 1181111111 Pfeirer‚ Ρ1111111111 81511555 civ. Win. 8151551111 158. 81515551111115151. 81555111851
13. 46. 47. 48. 70 162. 207. 290. 340. - 65 570. 582 81116511 111. 851. 1511655519 Pir-

85116. Τ 1151901. Ρ51115, Phine 284. 81551555 111. 856. 0111115519 815515, 6511 13
285. 287. 288. 289. - 65 296. 8151551111, 61 299. 300 8111119511 111. 81111. 11515 211
391. 396. 556. 558. 585 8151155551118558751111195581511- 8155119111. 8555119111

111191 1111111- Μ1111111411116 00111· 55556366- marscalci de 64. 811555155111 (1. 1551955, 8115111-
815115. - 65 297. 348. 376 67. 90. 93. 123. 261 55111 284. 287. 296

Ρ555111. Pistor 8155155551. 8115515555 81555111851 111. 11515. 11559511

Pflegelberg ps· 1156.Τ165555,1θ 81551155 d. 8515651. 81551555 406. 815155511118511, 811581851, 65
164. 189. 191 - de 410. 415. 418 227. 231

Ρ5196511 111. 855. Landsbery, de 8155155111855. 5115155551. Bi· Ρ155511516.85111.851551151,815511-
(8515651151115, Ρ111ο9651111) 24. 5115551, 815115551, 65 17. 20 151, 8155551151, 81155115, 65 406.
51 815515 9. Turia. 540. 543. 546552. 409. 413. 414. 420. 546

Ρ11111111Ῑ11111 Pf· Wiii. 8151116111 553. 554. 555. 556. 558. 564. 567. 8155511951111 8560511515111815-
111111111111, Ρ11111111111. de 248. 568. 569. 571. 572. 573. 574. 575. 511911, 65 (8155111951) 503
243. 249. 250. 258 576. 577. 578. 583. 603 8115511118, 65419

8155151 pf. 856. 85555556511955 815111 d. 8555115115. 815115, 61500 8155551551 1. 8156515551
Ρ1511, Ρ1511511310. 311. 313. 314. 81551555 1. 81511155 819515119 1. 811515119
499. 501. - (15 811 8155155511 (1. 141955, 65 525 81511951 1. 8515119511

Ρ1511, 61, 9. 111555. 300. 307. 308 81515555 1. Biberbach 8155515555111. 8555. 8511551115, de

8151155111 [civ. 8561] Ρ1515551, 8151155161156115195116511111. 239
8151515511, (15 595. 613 Wirt. 8156511951( 81511555 252 8155515551111. 85681555511815511-

8151111111.8511Κ5515511151Ρ15115, 8151555, 8151551111 1. 81551555 sold 337
Ρ1ο1555511,(1164.72. 109 815119 111. 855. 8511111111 Ρ15119, 8155119116. 81111. 81515511951415.

855155155511 111. 111115. 5195115955 815119 32. 49. 51. - 555.( 811- - 65 409. 414
Ρ111115515551 265 6511515, 8111111515, 5551551615, 88911 9. Turio. Bilgeri‚ 8119111,

8111111911 111111158551955 Ρ111· Martinus, Petrus Peregrinus, 88911, 88911115 378.
11519111 666. - 65 675 8155581551 1. 88115511 383. 386. 454. 499. 533. 542. 551.

Ρ1185116511515.Β(16.218. 219. 220. 815511551 d. 1711119511. 8155511151 554. 555. 556. 557. 558. 559. 560.
221. 523. - 55111 6115, 815- 527. 529. - 65 396. 448. 453. 561. 562. 563. 564565567568.
651115 527. 528. 529. 531. 533 569. 570. 571. 572. 573. 575. 576.

8111111951111. Wirt. 8511115951( 248. Ρ15115551 1. 81551511 579. 580. 581. 582. 584. 585. 587.
249. - 65 242. 248. 250. 251. 815515551551111111118111151119511, 588. 594. 603. 615
257. 259. 263. 264. 265. 206. 267 dapiferi 61 216. 217; 1. dapiferi 81195111155558515555111.11111140

Ρ11119 9. Tum. Pfunge‚ Pfungo 81551 1. 81515 74. ²¹1² 95. 245
355. 373. 376. 529. 541. 542. 546. 8155111151 1. 81111551 88911115 can. Constant. 1111 162
554. 559. 561. 562. 563. 564. 565. Ρ155511513 811511911, 88111911 168
566. 568. 569. 571. 572. 574. 575. 8155551951 (0551- 115515) 111. 856. 8185519111118561155119195118115-
576. 578. 581. 583. 584. 592 1655551155 85555811911, 811551- 51951, 65 198. 199

81119111 6.Τ11115.Ρ51119111911385. 1111911, 8115811911 667. 668. —- 881515515111 111. 855. Κ1111115555
387 61 667 8815151551 130. 134

Ph· v. Pf· Bichwil 6. 85119511. 8155118 449. 81115151.818111951

Philippus 555.11151611555.1111 134 533. - 65 530 8181551 d. Τ1115.815551115ο1, 8155·

Philippus 65 Μο151ο15 can. Cur. 81611155,65300 115511, 61385. 568
'sa 1387 624 8155515555118511. 1116151 81551- 88111951 [8915115 d. 8151551911,

Philippus ppoz. Sindelfing. [post 5555 46 65 411. 417
1188] 211 8116515551 ps. 81551. 5165155555 8111111951 1. 88511911

Phiiippus rex 81515151 1111 [1223] 8156515511, 8155511551, 65 419. 8115519111 1. 8815111911
160 562. 564 88155555151. 858515519

 

