INDEX NOMINUM. 781

vodalricus abb. Κ1616661166161.1], 11611666 abb. Wibling.: 11], [1371] 1166111666 6661. 66 81636661 stater
, 134 127. - Η61161161 ’,1, [1473] 6. 1161616161 11], 668. - [11],
11111666 66 Remus abb. 1161161613. 239 ’ , 1471] —- 11], 148. - 148. ’⁷11⁰

”1¹¹² 13111 653 1101110118 abb. WindbOI'g. 10], 132 [11191] 151. 3231136 263. -
Ulricus abb. Μ6116166.; 11], 147. 36116666111116111613. 11], 46 [1], 2801]

400. 668. - 11. 11],150 1166111666 abb. Zwifalt.: 248. 11], 1166111666 6661. 66 1111116366 1,’,
116661116664.6111.Μ61.11,, [1129] [1139] 81. 104. 122. 247. - 111, [6. 1154] 96

103. 426 x [1282] 262. - 66 Hasenweiler 11111666 com. 66 116616616161 11],
1166111666 abb.Neresheim.: 66111- 111, [1336] 11,,, 239 48. 11], 24

6116366 1,, 1277 73. - 8661· 11611666 666. 11636611 66 11161- 11111666 [6661. 66 11611613] abb.

6161161111, 1349 74- 66116666 heim ’9, 56. - 31161161 111, 1116661613. ”se [1271] 411

11], 1423 74 1436 81. — 66 [1161611611 11], 1166611666 6616. 66 Gammeriingen
11611666 611. 01166161. ’,1,[1378] 58. - 111111611, 1485 61. - (16 97. ¹⁸5· 113. 260

105 8616113661 11, 58. - 66 86166- 11111666 6661. (16 Η61166616111 169.
1166111666 611116616161111, 124 633 59. - Struma ¹⁴5⁸ 64. - 11], 166
1166611666 abb. Reichenau.: 11, 661766166161166 111, 69 [1661116666616. 66311613198. -

[1069] 280. 484.-11, [1122] 274 Ueli-icus 666. 1166616611 (16 Bod· —- eps. 061. 11], 1237 632-61,
Uolrieus abb. 8616611 1, [1358] 6166 111, 289-3613316111 11], 71611611. ’,1, 97.-1136666166. Ι

218. - 11, [1311] 393. 11), 219. 1356 289. - de 1116616366 *js 11], [1237] 351

- ’,1,[1282]393 1358 289. -de Κ1163661613 111, 11111666 6661. [66 1166111613] 1,,
116111666 abb. 81. Blasii Nigrae 294. - 66 Β661666311],451.- 345. -· 11], 346. 353. 11], 346.

Silvae: ⁸53 1334 330. 1,’, 601 661116166161 286. 11, 1314 288. 11], 432
1166611666611).[8.116111];11,, [990] 402. 567. 670. - 66 Τ1116161616 11111666 6661. (161166116111 11],146.

466. 661. - 361116161611361163. 111 287 — 11, 147

482. ”fu [1077] 152486. - 66 11οά6111666 666. 11611 ’1,[1 1127 11611666 6661. (16 61116366 239.

Β6361161666(111.)482.484.11,, 622. - 111, 1156 680. - 66 111477121

[1199] 132. 287. 471. 627. - de 8661666 11], 1298 633. — de [16111666 6661. 66 8611161116 361.

861115, [1220] 162. 471. 481. - 11666 11, 1344 028. - 661616- 362. 662

66 1161116366 11], [1277] 467.- 11161 11], 1320 031. — 166366· [1116666661.6686161111636618613];

111661 11], 1491469. 11, 447 16661111, 1452 624. - 66 Sat· 11], [6616 1268] 261. 1’], 217. -
1111161611). 8161661116 1”,[1442] 16111613 1,, 1245 624. - de 861 666161 11], [poet 1316] 202. -

450 1,, 638. - 66 861666661616 “sn iunior ¹⁹1 201. 1,’1 214
1166616666 611811661116111636616 629. 640. — ’11166661 1,, 645 1166611111 6661. [1161366661] 11],

’,1, [1172] 121. - 11], 122 11611161 66 813666 666. 8116661613. [posi 917] 279. 481
11611666 abb. 8. Urbani: 66 8613· 11], 415 06616666 com. de werdenberg.

dors 1,, [1249] 489- (16 S. Gallo Uolrieus dapifer de Rheinfelden, 666. constane: 286. 11],,1451

’1, [1263] 489. - 66 S. Gallo 6611161 Β6611. 111, 356 295. 11], 454

11, [1398] 491 Ueli-icus dapifer 66 0166661616, 11611666 6661. 661116661613 143,
1166111063 abb. Scheyr.: 11]( 243·- 666161 Constant. 11,, 1447 286 v. 3161161666

’],,7 1166616666 coni: 11], 121.-11,’, 11611161 commendator Gfenn. 11],
11666111666611181616. 11], 669 122. - 11], 104. - 11, 84. - 518
116616666611. Τ63616666.; ’,1 5. - 11], 660. - 111, 195 11111666 666166 August. 11], 56. 72

1,’, 5 1166611666 eom. de Achelm: ¹²j. 1161666666616606661661.; ’,1,287.
1166111666 2. abb. [166666166111 [6. 1157] 254. - [1,11, post 1139 - ²⁸1¹· 292. - 1],, 295

[1184] 338 2621] 116111666 66166611666166061. 111,
vodalricus 11111666] abb. Thier· 1111161 com. de Aichelberg 143. 1255 644

16631666 1,1, [6. 800] 38. 120. - 144 11111666 8613316111 666. Augusta

11], [61200] 38. - 6611111661- 066111616661.]111366366166];1,’,273. 1,1, 63. 65. 72. 123. ’,1, 91

burg 11], [6. 1350] 39. -· 11], - 11], 274. 11], 470- iunior Uolrieus 666. 1166616611 1],, 295.

1372 39. - 16616 111, [post 11], 276. -· nepos regum 11], - 1161116361 11], 1387 284. -

1454] 41 [6. 885] 471. 11], 275. - 11], 66 36616663 11], 291
11111666611).11161613.1,1, [1472] 131 [955] 278. 478. - marchio 11166· Ueli-icus 666. Cur. 1,’“, 634
1166111666 abb. Wessobmnn.: 1,’, 1166 ’,1, [856] 346. 482 11111666 661 (1611611166 11], [11],

42, - ’,1, 18. 111, 81. ·— 11], [16661116666116686666]11,’,[1133] 1261334

[1172] 52. - 66 1116161613 ’,1 3411426 11111666 6616611661( ’,1, 1432 204

[1298] 43. - 3661661116161 11], 1161616611 6661. 66 8616116 361 11111666 666. 1111, 87

1419 47. —— 81661116 1,’, [1443] [1666111666 eom. 6686131 senior 1166111666 eps. 11636611 65. 96.

5. 1,, 46. -- 6166166 ’,1, [1260] 44 244. ”sn [6616 1209] 267. - 97.104.110.122.662. ’,1, [973]
[1666111666 11161161 611).111611163. 166161166861611116366)11],[61116 277. —- 66 8616663311, [1337]

11], [6616 1810] 593 1268] 261 61. 66

 

