INDEX NOMINUM. ’ 703

156115355 ,5. 051111355 15555115355, 15565355, 65, (3. 155555355 5. 05555355
1555555 5. 1535551555 15516553.) 297. 299. 300. 301. 055515511155 v. 051555551155
0516535551. Bav. 66150519 ’1551- 302. 303. 304. 305. 306. 307. 308. 1551150151-
65355 59. 64 309. 339. 465. 552. 560. 578 05555151535515
0535151515 ps. 055. 11156511 15355- 1511551555 5. 015151555 05555615355 6. 6515655. 111555-
stain 187 051115355 d. 8515655. 151115355, dingen 493
05355151651111519111151615355- 15115355, 1555115355 493. 494. 05555615355 ps. 11111. 16115355

1516, 65 69. 144 496. - 65 405. 406. 497. 408. 1555615315 258
0535651655 6. ,45355 153555511, 409. 412. 420. 497. 498 ’1553556555 5. 1635551155
1533555511613. 614. - 65 285. 05155553111611, 11551153510551- 0515656510511111156511515105551-
287. 288. 292. 523. 524. 525. 526. 15555, 0551555, 65 63. 67 6551 224
593. 599. 609. 612 1551361116. Kirehhet'm 155115, 15551655 9. 15115. 552. 553. 557.
0535511551 3. Freiburg). 1535511551 1533, 11155155. — de 298. - 560. 561. 565. 568. 584. 585
299. 396. 391. 304. 305. 307. 308 duces: 1165111516, Agnes, Anna, 0555111555] v. 015555115
15355115 6511155355 3. Freibury. 0551511, 05555655, 1516551555, 155555,1555,11155555,65,3.115511.
0535511, 155355115, 15351555 (1), Simon, 1151115511, 1110115315 406. 408. 499. 411. 412. 415. 418.
15335565, 6511155355 298. 299. 055115355,1551153555.053315355 539. 542. 544
399. 301. 302. 393. 305. 306. 397. 15115 smwm 11551. 1511155, 151555 15155555 5. 15115553
398. 399 9. 29. - de 12 1511155 6. 1155515111155, 65533
15355- 5. 05355- 16355- 15115355 5. 0511115355 1511155555. 0511115155
15355555 ps. 056. 8615316515 1511555115 5. 15115511 05115355, 15115355, 15115355 5. .
1535555555, 65 300. 307. 389. 1111115155 5. 06111155 051111355,0511153511,061115355
578. 583 15115 eps. 055. ¹⁴40 [773] 649 0511551551 ps. 1155. 1191111355 151-
15351555531055.11151655711555555 05156553 6. Rern. Telsperg, 65 412. 155115561, 15511551551 93
51111.; 66511551551151115, 0551· 417 1511555515, 65 422
1151655, 055555, 05555655, 111155- 1515115 5. 1511511 0511115155 6. 11155355. 151115555,
hardus, Gospertus, Η51551555, 0555515355 ps. Wirt. 1155561595 15111515555,65(151111515515111
Η55555655, 0665155655, 05551- 1551515355 64 155155 cognom. 0656115111, 3.
655, 01155155, 11565115505555- 15155115 v. 15555511 Comatam. 283. 285. 288. 289. 290.
155, 1165151555, 25555 15555 3. 11515. 578 291. 293. 313. 382. 389. 390. 391.
0535555115511131. Wirt. 1116111355 05535115151511 ps. Wirt. 1175113511 392. 393. 394. 395. 396. 397483.
153555151499 1551111515155, 65 178 692
1535551515 5. 0535151515 155355 5111553511 051115355 pf. 356.(11551555 151-
053355155555117. Β56. 0655191355 0551155 5. 15551155 115355, 65 (15115355) 311. 383.
15335515555, 65 297 1511111355 5. 1115515355 388. 392. 505. 510. 528. 534. 676
05355555655 abb. Neresheim. ²⁰4⁴ 0551556551 ps. Wirt. 1155115355 172. 059153553111791. 1711113511 168
1226 74 211. - ppos. 8555155655 1151115355 ps. 55116561155151·
05355155655 eps. 1453551. 20. 60. 055115355 ps. 051. Psullmdors 115355, 65 5862. 63. 66. 71. 144.
'⁸4¹¹ [1307171. ³4¹² 86 0555515355, 65 155. 285. 291 211. 216
05355155655 ppos. 0155555. '⁷4⁴ 0551115355 pf. 055. Κ55Ῑ6511551180 0511111355 pf. Win. UrachDetingin,
120417 1555550551 ps. 056. 1151155ηᾶ1135 15115315, 65 242. 253
05335355311156.055555151111355 Porta Geli, 1555115511, 1551115511, 1511153555. 061115355
0551115355, 153315355 310. 312 1553115511, 1555165511, 111551- 0511113556. Rem. Tedlingen, 15-
053315355 ps. Bav. 1161605955 bach 302. 305. 306. 308. 309. 115355,151115355 408. 410
¹ 'seckingen 73-75. 126.-51111.; 338-342. 491. - 56111 1155511- 1511115355, 65 615
05555655, 1516551555, Georgius, 151655, Β555155655, 05555655, 15115553 civ. Win. 15115555, 55-
05551555, 1151551555151155555, 1151551555, Η5555, Iacobus, Io· 11111555.115511551.-65181
1156551555, 11553555655, Nico· bannos, Martinus, Μ5111555655, 15115115 v. 0611511
1555, 0115, 1515515555 1115515115, 11565155, 0611151555 155155 6. 1511515615111551115,
053315355 ps. Win. 6511715355 1511511556. 1155615551155, 155· 16155, 1511, 1611511, 65 362. 375.
0551153511, 65 143. 144 51155, 65 356. 423. 490. 492. 495. 442. 444. 500. 503. 505. 507. 508.
0535 abb. S. 06511151 August. ’,1 533 510. 539. 545. 546. 597. 599
[10171123 15551155 6. 11115955. 1555111155 15515555 6.14311155159.1151155555,
1515355,15153515 5111553511 400. 454. 527-533. - abb⁸⁰ 65 468 ⁴
0515153 pf. 1116116155 1015153155, Anna, Clara, 05551155, Ursulo. 1551551551 6. Atym). 0111155151,
65 32 1555111355 5. 1115515355 1551155651, 1111155151 441. 443
0515556551 ps. Bad. 0655151355 1511555116.1153511.15555115, 155· 0115515355 ps. Bav. 1453511155 115-
1515556551 288 wile, 65 428. 437 515355, 65 61
0515511535531117151115115561111155- 05515555655 ps. Wirt. 15115553 05555355 pf. wire. Aalen 155-
115355, 15555115355,165115355, 1515155565 197 555355 77

 

