164 1111111 1101111111.

116161161161311111111.Βο11111161[111- 66111361 d. 141361. 6661111361, 661161161661 (1111131111 6162611.
61611613, (16311 1161111361,(16426.429.432.540566 θα1111116111113111 6661161661. 111-
661616161611 pf. Wirt. 1111113611 1161111611ο11 civ. 1111111113. 11111- 161161116, 61111161661, 111111·
61616161611, (16 265 111161616 328 11611111, 6611161611, (16 242. 243.
661616161613 ps. 1111611. 0111111613 Remp 3. 1311111116 254 246. 252. 255. 260. 265. 266
66161663613, ppos. Paulus 6611361116 v. 6631161116 1161116 apud Andelshosen ps. Bad.
66161611616166131661.Μ11116116111]116116 [6661111616 ps. 11111. 111111 mereim Ruti 666
61616161166114 ’ 11113611]11111166,(16143.144 11611116 ps. Bad. Emnwndinym
66161611616111 ps. Bav. 11116661·- 6616161631611111111111113111· 11111111, 11111111 364. - de 297.
11113 6616161616111 40 1166111111 168 305
66161611616161 ps. Bav. 1111111161 6611116 (1. 016611. 6616116611, Here· 6611111361 611. Wirt. 1161111361,
6161111116161, (1612 111661666111116616, 11611116, 116- 6111111361 161. 292. 499
6616111113 ps. Βαυ. 8616113111 51. 1116616631. 641- (16 627. 636. Reutlingendoffps. 1171111116611113611
- (16 46 650. 053 6116111311, 6111111311111616111-
6611161 (1. Lucem. 496. 498 11611ο166611ο16168 311, 1111111361 248. 261. „ (16
6611611613 α. (1. apud 1161161111 pf. Renche 1, 116133 249. 261
Win. 1110113611 6111611613, (16 1161611361 1. 1161111361 66161 3. Turio. 1166161, 1166161
313. 314. 383448. 530 66136111361 d. 1111161111Ιά. 661- 661161 540. 541. 553. 554. 556.
1161361116 1, 6611161 3111311116 381 559. 561. 565. 566. 567. 569. 511.
6613116011. ’111325 6613616161161 ps. Bav. 1111161( 573. 576. 586
Raeinach (1. 1113011. 11101611116611, 6613616πῦ61· 190, 194 1163· v. 1161· Reu-
11111611 286. 341349. 350. 351. 1161361616 a. 11. apud 1171111316. 6611666111 v. 6616116661
353 1111113611. 611361616161, (16 535. 11166116 0116111111611161 449. 468.
1161111611 d. Lucem. Obernrinach, 531 — 11616111οο111616
11116611, 61116611, 11316611, (16 11613311. 1111166616116, 1161336 11116616 v. 11166
347. 348. 349. 359. 351352353. 551. 564 ¹ 61611111111-11161161116, 611452476.
354. 855. 356. 313. 319. 386. 405. 66116111111,(16 134 511. 595. 598. 626. 621. 633
406. 410. 412. 414. 418. 420. 421. 1161161 3. 1111111111. 189 1111611111 11. 111116. 1161111316, 1111-
422. 437. 441. 443. 444. 492. 494. 1161111361 ps. Wirt. 1166111113 11611· augia, 11111116 331. 399. 404.
522. 544. 545. 563. 514. 577. 518. dingen, de 209 406. 456-461. 489. 507. 589. -
581. 582. 581. 591. 600. 608. 610. 11616111, (16159 6111 Α661161116, Β116111111116,
613615 66161613, (16 591 1116116116, 061111316011661111-
1161111116611111 11161111111111366- 6611113161616 469 1116, 1116111616, 11113611
3111611611111111 328 11636161. Rechberg 61611633 (1.8(11131111.111163,1111633,
661111361 1. 1161111361 11666161 8661. 06111. 11116336, 11116116 468. - de 286.
1161616611 ps. 1111111113616113 11616- 6661611613 d. 111116. 540 447, 448. 450. 451. 454. 413. 475.
pach 49 1166116111311111161111136111166111. 483. 484
1161661661 pf. Zoll. 313111111361 11661, (16 315 61611161661 (1111361111116161661,
1116116611, 1136616611, (16 184. 206. 66161613, 1161111613 1. 6111611613 1111161161 452. 595. - 66111.
211. 218. 219. 220221. 231. 282. 1161611εά6111.111116111111(1.6616116(16- Rudolphus rex. - dapiferi, mi-
299. 314. 383. 390. 391. 392. 396. rin, Rezriederun 519 11166, (16 355. 356. 381406491.
490. 505. 580. 613 · 6611611661316111016111611111616- 522. 523. 525. 526. 543. 547. 587.
116166 [(16 66166161611 ps. Wirt. bach 105 590. 601. 611. 613. 615. -ρροεῑι
0616111361] 3. equestris 66316, 6611611613 ps. Βα1. 8611116111 66161161616,161161166
Ryss 143. 144 6661611613,66611116161,116161- 1111611116111 ps. Bad. Wafflmt Rin-

. 1161161116ο1116 1. 66611611 1613, 6611611613 58122. - (16 han, 11111611 601. 610. 613

1161111 ps. 111111111111611 61111 189. 188. 199. 311. 313. 582 111106161111116111101116 23
195196 66161111 3. 8111131111. 6161111116, 11161111. (1116611. 1111111645. - (16

1161116111141306.66116101166611- 01166 469. 410. 415. 481. 482. 638. 639. 645
16116, 11161111 347. 354. 355. 485. 486 6116111661 1. 6116161661
493. 556. -— de 411. 493. 571 1161611633 (1111131111 Μ61116111111111611 616- 1. 61611-

116616111161 3. 6311611116 314 (1. Lucem. 11616633, 1116661, 111611-1.66161-6111-

666111361 (1. 1413611. 116611ο111, 11116633, 6066336,61“166336, 11116- 111613. (111161. 111611 162
1166111161, 6611ο1 607. 608. 609. 66311, (16 378. 385. 421. 422. 426. Rich 3. 8111111111. (16 11161161, 616116
610. 61]. 613. 615. -- (16 554 431. 493. 539. 540. 542. 546. 552. 403. 409. 410. 416. 418. 420

11611 3141131161. 116611 64. 65. 68. 553. 559. 505. 587 111611· 111· 1116· 11111·

72190 116116 apud Fronhosen pf. Wirt. 61616111161116111613. ’0,’1 [1118]

11611161 3. Any-nst. 11611161ο 57. 111111161113 1110116 230- (16 202 17
67 11611611111116111611111111131111116111, 6161611116 8. abb. 6116116111. ⁰2³⁷

1161166116 eps. 011. ²⁷1⁸ [820] 633 111111, (16 103104107. 111. 113 1252 92

 

