0 ι] Q· ’ἴς ‘L 99
’99966366 66663666 11010‘15801‘11111888181881801801³[0183800500g 188808008 808 08 ’693999

699 ¹8[8·100⁶·⁴.0881] -vg '³⁴51ss '100000080'8088 pmlv ⁴¹0⁸!AA '088815 ’ρ 66366666666Λ6
’696666 6966369 6639666666 8 8] 66696666 66 1100111081111 188 656 66 ‘2008
665 ¹¹„ -8180'0180801 66669666 396 66666 66669666 8 ³0080000881
08¹ Ξ696666 66 696 6639666666 66666 ’6 669 969 888 888 818 101088180008806
5218⁴18q118881380pm100 01quss M 88882830811800111d-8891811d ‘Ma ·p 6686666660 pnd18 696666
66 ’66 66666666 8881308118180001820081111 881881881
81 08 6696 (3966666) 6966666666 669 666 666 666 [69666 ’6166666999 699] 69666
695 966 6666 69966666 696 66696566 ’89666666 *896 999666 ’666 ‘889 66666 - ’969
081 '8 1008 08 008 01201811181 118181080111118008 8200881181 808 666 696696 6666666 *9666
66 ··. -665 ¹„ 665 96 801 696 996 596 6966666 6656656999
¹8 811 88 2008811110082800 66 ι69666666 8106088820088881 '⁶ 0080080801010811 08 6666666
6639666666 ’6636666666 86666666 8880820881881 '0 9669669666 695665 ¹5„
881 ⁸¹⁸1 — 669 ’.ι 666 65 ’96666 88100081181 [66666666966(6336666)63366666
ἐι 9696 (6966666666) 66666666 659 801881 818 811 08 ‘88888118881 66
8881088011] 696 811 18108 ’66996 8 000080001800888880881810811
'ufwlffil ·0<10[81000]011808111181 9666666666 6669 8 8 3966666 1111 ‘8011 6 666666 ‘10111
81118 ⁸81111 111111 801181 ι96666 8 6966666 6666666 ’6 9666666 ιῑ9666666
011111 ·11111 66666 1110 1111 669 08 - 669 188 669 696666 3966966666 8 800010880888
9366666666 8 6636666666 1088011818011801181 699 08
655 08 11081'01118 -·188 669 569 669 96669666
ι69669666 66666 81 9366666666 001881 ‘8081 '0 666 *9666666666 6696 8 96666666
818 818 08 ι’6666 8 96666 669 6666666 ’6 96669666
699 699 699 669 088 659 881 881 188 08 ‘88081100100881
669 699 69666 66666 8 96666 811 966 566 666 881 656 669 669
556 666 888 08 801 811 801 808 666 ’966 808 808 808 808 808 669 699
’9666 ’96666 ’699666 8 96666 666 665 188 08 ‘0881‘01111‘1181 (66966666669666666) 66 - 808
800 0000108180010 969 669 669 659 881 00010181 66669 8⁰8 96 669666
1818880010110818000001181 881 881 881 811 801 0108 008881 16666666
56 99 9666 ‘0118 81181010118 69666 8 666 000'11889888888888811801
669 808101110011 699 966666 801-1880108800010800101111 5566 ⁹¹„ 696 99 (66666) 0818
966 666 96666 8000 6966666 818 08- 696 666 69666666 8 66666666
669669 8 6633666 6666 u01181 6666 ’6966 8 1118111 8000 1111 666 8⁴0⁸
8³81108111 ’6 6336666 699 6696 80001101180810 1181 669 ‘⁶ 39696966 08 8821088111
1881 66666 ’6 01111 666 08 ’6636696666 881 666
666 1108011088001001118 00001081111118080111000181 ¹101 96966666 6996 9 96666
666 6666- 66 811101111‘11010181 001 '181‘181‘88108108111
180110100000888081 81101081881 0081088011081 880008801181 0800811881118000088 66696666
666 ’6669669 '⁶ 66666666 801 801 0818 669666 8 96666
695 188 818 818 [6666] 66 [6668661666 00810001111 818 669 669 969 801 666 801
01 ‘0000081111 9666666 6966 969 665 08 - '888 80288 6666666 *6666666 ‘0888 ί666666
66 96696666 6669 8 '0 66666666 663666 6666966 8 802888108118 0010181101 6 9666966666
969 969 08 Ἢ66966666 666 66 65
810100888 6669666 8 6966666 66693666 ’66996 8 6666933666 66 66 66 66 66 66 (969996Ι
669 666 696 965 9696666666 ¹00011001108201111 696666) 08 - '81 696696
08 81080181110 ‘08080081181 66666666 6 9336666 0118 ‘100001088810 999966666
6666666 881 'sd 6666696666 66666 ’6666693666 66 66666666 881 96 810800088818
65 66 *66966 t1118081108 ’6 696 *93666 96666 8 66666
-666 66666 966 8¹ 6666966666 6669933666 1669693666 556 *fu 69 [666 9] ’.66 69663
66666ῃῶ 66 666666666ῃῶ 6 6666666666ηά6166666 -6666 6616 (00800180108) sndmoffl
6666666 8000008881 6666696 ’966 66 9696666666 08 1¹8 88001111 666 6666966666
88 666 665 66 ι66969666 1008 008 08 108 [9811]
001180110008880100110888 99696666 ⁸00⁶0088 8 9669666196 6666666 666 9699666666
66966] s0181100181011081188 665 81108‘80881000810181
¹ 6966 ,66 ‘³20001111088088 808 81 011180050800011
0888·0 1001008111111‘02300081118'008008811 6669 8 8 33696666 '808810080000008811001100110881
808 665 4699 6666666696666666 8 6669666 665 [566
808 565 665 666 66 ‘8888 8 955 66669666699666 6666] ⁸8 666666] ’666 86666666
996669 6669 8 8 ³0080081181 6666666 ’6666 66 9669699666 088 96666666666

’1188111081 1180111 888

 

