772 INDEX NOMINUM.

111050105,60130.149.159. 181. 30510- v. Schien· 30550100 6. 11010. 31101100 539.

182184. 187. 188. 190. 191. 194. 3051050010169 590. 591. 595. 598. - 60 373.

195. 200. 204. 226. 298. 302. 323. 3051010005 6111900. 3051010005 589. 597

392. 396, 442. 532. 625. 641 353. 523 30511013 ps. 11101. 6101110 3511130
305050050003 ps. Bav. 71065150 30510100 6. 611000. Zupina 620 651. 652

30050300003 45 3051151 9. Turio. 554. 559. 565 3051101500 11111110. 311000001524
3050019005 ps. 301. 21001010100000 3051εο100 v. 3050010 571. 583

3050105005 59 30511015013 6, Tum'c. 575. 530. - 3051100 pf. 1010111019. Fam
Schen· v. 30560- 60 350 3051100, Saline, 31100 625. 630
30500050, 3050011 v. Ρ1000100 3051003005 0. 305101030ψί0 305111100 pf. Bar. 1131750101 311100
30500050 v. 3050011011 305100550501, 3051055115οΙ 68. 69 47
3050010, 3000010 v. 3051101110 30551301 ps. Austr. 3191. 111900 3051630150111 v. 305103015011
3050010001010060906 1401100000 301030, 9000111110οε 30510005013 0. d. apud 11106061

9111111. Anzan, pincerna de 58 3051030100 [3660901011 pf. Bad. 6. Rem, de 412. 418
30500500 6. Lucem, 30501010, St. Β1001001] 333 305160101.30510010

30500050, 30500500, 60 351, 30510105 [de Schreckelberg] 9. 3051060100 ps. 11101. 0101110 310-

406. 412. 416. 417. 419. 424. 431. 1000000191. 196 601010, 60 650

440. 496. 498 3051006010 pf. 11101. 1110100 30100- 3051011016 ps. Bar. 1117116000 11
3050119005 ps. Bav. (16015109 132. 6010650. - 60111 31030005 16

- 60 58. 65. 89. 94 30111000 d. 6110011. 3011000100, Sel· 3160 v. 3051010
305010 1. 305001 100010, 3011000, 31100010, 31100010, 3051600015013 0. 6. apud 3011170011-
30501500501 d. Τ101901·. 30501- 3100010 624. 645. - 60 625. feld ps. Bac. 1166101061, 0010·

5000501100 464 631 Sophia
305010οο0 v. 31010011 3051015 ps. Wirt. 0691910900 305101, 3051000011 9. 15110. 31600011 539.
305019100501310 140011ιο, 60 507 60144 555. 557. 558. 564
3050110 v. Seheer 305510051030 336 3050101033 ps. Win. 1101001019
30500101100 pf. Βαυ. 1610661000, 3051011, 310110, 310110 283. 290. 3050101003, 3111010330, 301110-

605872 291. 361 , . egge, 30010000330, pincerna*
305001103913011006000930501- 3051011 apud Wintertur 11. Turio. 60 162. 163. 173. 1761992111.

110300 10. 32 30510110 prope Wintertur‚ 3101. 226, 227, 336, v, pincernae
Soheyern ps. 1101. Psaffenhosen 310110 467. - 60 308. 389. 427. 305001005013 ps. Bar. 110601

30509100, 3050910, Scyra 3341, 528. 529. 533. 559. 592. 593. 600 3010505010 152

- 0551 chunradus, 6001100, 30111011 101101100600 ps. Bad. 30500105019. equestris 172

0011105000, Ηο1011000, Ludo· mem 310110 10 30300 499. 3050011100 6. 30119011. 30011101

wicus, Udalricus 501 552. 560
30061300000111103000481 3051011 (0601- 110100) 6. 1501901. 3051016 9. 11010. 571. 574. 576. 577.
3051610 v. Scheid 31010 11000 Renum 500. 502 579. 580. 582. 584. 587
30510000 pf. Βα6. 1111010013οὼ0, 3051011 ps. Bad. Stauffen 31010 3050165013 6. 3009011., 60 416.

3051000, 30510015013, 3051110, 337. 515 450. 452. 454

3051000, 30560000, 305900 615, 3051030150119. 09010510 30516301· 305011005οη ps. Bar. 1101166119

— 60 219. 285. 293. 352. 383, 50111341 30110500, 30110500, 60 (3050110

390. 391. 393. 394. 395. 396. 419. 3051056011 ps. Bac. Weilheisn 0501) 9. 10. 15. 18. 24 31. 90

444. 452. —- ppos. 10500000 30510056011, 31056011 15. - 305101005οη pf. 11711. Humum
3051010 6. 611000. 1101010, Amore, ppos. 00010600 3050110501οι 217. - 60 169. 215.

3051010 623. 625. 628. 630. 634. 30510100 6. 151000. 0111000, 011100 217

- de 625 638. 641 3050001019. 1109001. 60
· 3051330116011 ps. 1106. 3511110910 3051011 ps. 11101. 6501ιο slsis 652. 305005015013 6. 10110. 3000501·

3500106011 665 —— 60 650. 652 burc, 3005015010, 3005115010, 60
3011111103 9. Gur. 625. 630 305101150101 (1301011100. 3051011- (3005650301) 298. 4214224131.
305111103 [de 1100001061] 9. 0911001110 1011, 3101150110, 31011500 499. 673. 432. 518. 559

215 - 60 266. 499. 500 3001001111 v. 305001010300
30511101 9. Tun'c. 05900101, Cly· 305101050110, 60 339 3050011, 60 56. 66

1100101542. 543. 563. 570. 577 305101100, 60 9. 1101100060 3101100 3050011011[3050111 0501- 151101· 6.
3051115013 a. 6. apud 6009000 ps. 444 Τ11110,1]3050011101531.533

20713191001111900305119010, 35111- 305101101061 civ. Alsal. 31010101, 3050011010 ps. Bar. Liudau 300-

berg, 60 289. 294 31010101, 60 [9. 11015019] 297.Ι 10100, 60 110

3051110011 pf. Wirt. Obemdors 305111· 301. 303. 304. 305. 308. 385. 587 ’ 3050005013 9. 16101001 185

030, 60 302. 305. 308 30510010 6. 611000. 30516110, 60 624 3050033005013 6. 17101901. 60 539

3051119013 ps. Bav. 11105001 30511· 30511015οο5(1.1100110111610001101- 305001650101(5*0101-) 9111711. 1111-
* 0013, 60 34. 55 i bach 348. 351 1000900 3001100 76. 78

 

