774 11111 11111111.

528. 529. 543. 557. 568. 576. 577. 815111111111511 ps. Β1111 1151- 81511111115113 a. 11. apud 14111131

594. 602, v. Egbrecht, 11111111- 11113111 8151111111 648 ham 11. Um. Swenzperch. de

burg 8151111311 111111118111111181111131, 408. 419. 516. 518. 521. 540
8155111111 1. 8151111111 de 36. 80. 86 81511111111111111111.1111111111111
815111118151511- 81511111311 ps. 111111. 1111111111 815111155111111,1111111111111191.
8151111111118111181511111111815111· 8151111113111,811111113111,111510. 94

111111, de 406. 407. 408. 409. 410. 524. 526 8151111111, (11111111 Eydgenoeoen,

411. 412. 414. 415. 417. 418. 420 8111151111 v. 815115511111 8111111111, 8111111111, 8151111111,
8151111111 9111111. 8151111511 541. 81511111 11. Turio. Niger, 8111111 8151111111111105130155377.

543. 545. 555. 5615651568. 569. 289. 385. 428. 542. 552. 553. 555. 378. 387. 445. 494. 548. 586. 611.

570575. 577 557. 560. 562. 563. 564. 567. 570. 646
8151111111111 11. 11111. 8511111111 13. 576. 577. 580. 581. 583. 591. 602 8151115113111111111 170. 217. 251.

20 8151111151111111111 Ρ11111111111. 323
8155111111 v. 8151111111 1511111111. 8111111115, 81111111. de 8151111113. Τ11111. 81111111 379381.
815111111111 ps. Wirt. Waldsee 499. 502. 506 405. 449. 541. 542. 5515521113

8111111111, 811115 205-208 8151111115 pf. Bar. Gerolzhofen 555. 558. 557. 558. 559. 561. 162

abba conradus, Petrus. - de 8111111, 8111111511, 8111111101. 563. 564. 565. 51111 5675118513.

207. 208. - 11111111 11511111, 104105.107.108.109.112.113. 570. 571. 572. 573. 5745755711.

cuono, 0111111111, 8111111111, 115.117.118. - 15511111111111, 5775795110. 581583184587.

Η11111111,Η1111111111111, Iohannes, 8111111111, Η11111111 602

1111311111,Μ1111111111,0111111511, 8151111115 pf. Wirt. 8111113111 81111111 464. 4711·

5111511111 8111111, 81511111115, de 195. 8151111111 ps. Wire. 1111111151
815111111111. Eadm, abb.Petr1m 392. 393. 395. 396 81111111. 8111111111. de 107.111.117
8511111111 18151331ηά11 . Schwarzach ps. Win. Waldsec Schwenningen pf. mmmmm,
8111111 228 8151111111, de 203. 205 de 74
8151115133 pf. 11111. MiMeMm, 815111111115115111111111181111111- 815111111311 ps. 11711. Rom

advocati 66129. 130. 132. 133. 5115, 811111115115 348. 350351. 8111151311,811111111113111 585. -

134. 135 354. 355. 356. - de 350. 352 111220. 293. 252. 557, 1. 815111-
8111511111131111.8151111111111111311 8151111115115 11. 8111131111. 81111- 1111113111
8151155111111 pfl 11111111111110113 1115115474. —- 111486 8111115111 1.811111111115113

811551111,81111151111150.-111 8151111115113 11. 11. 1111111111. 111111. 8151111113.Τ1111.611111111541.

9. 11. 17 1115111181111111111113, 81111- 546. 552. 563. 565. 574. 578579.
8151155151111111811111111111, zenberg, de 304. 312. 315. 338. 585586. 602

11111811151111511511111069 339. 671. 677 81511111515 y. 11711113. 178179
8151151511511111.81111111115119 Schwarzenberg [11. 1111111111] 111 81511111151111111111 11. Luam.

511115113111, de 63. 70 880. 411. 415 8151115151111111,815111111111111
81511515113 pf. Wirt. Ellwanoen Schwarzenberg pf. 1111115111. 1111- de 409. 413. 416

8115115111, 11176 1118111111151131146. 192 8151111111 ps. Β1111. 1171111111
8151151111 1. 8111111 8151111115113 11. d. 11111111 Bloch- Schwertzen 609
8151113113.81111117111.499.506. 510 11111111Β111,Κ1111511111181111- 815111111511511.Τ111·11. 556. 511.
815111111- 1. 81511111- 111151115, de 58. 396 566. - de 573
8111151131ὅό 81511111111111811111111111111 Sehwerzeren 11. 111111. 8111111111,
8111513. Turio. 811111 572. 572. 585 156 8111111111 553. 554
Schwamendingend.Turio-Swaben· 8151111515 pf. 117111. 1115119111 815111111151.8111115111115

dingen 588. 586. 587. - (11111- 81511111115 168. 170 8111331111 abb. ²⁹5, 148

11111) de 556. 562. 569 81511111111111111111. Niger Ce- 8111111111 1555111115113. ’1111118
8151111113111 [81111111113111 pf. 1111111111 388. 437. 447. 448. 117. 652

117111. 1111111111, 111 391 450. 451. 453. 454. 545. 553. 556. 8111311111 1111113111111115111111.
8151111111 11. Umor-wald. 377. 379. 558. 563. 565. 566. 567. 568. 569. “fs 59

380. 518 570. 571. 572. 574. 575. 576577. 8111151111 (8111331111, 8111111111

81511155113, de 507 578579. 581. 584. 585. 586. 588. can. can: ³⁰1· 651. - ’111223
8151111133 11. 1113. 8111111133, 594. 597 641.-11114111111111111,κί1303644

de 438 815111111151, Eumenia, 1111111111 8111151111 de Aspermont 111111
8151111111111111111. de 362. 363. Silva 215. 239 car. ’¹¹³4 628

414. 449. 540. 601. 662 8111111111 111 (1811111111 297. 571. 8111311111 111 511ῃά115113 ppos.
8151111111101111- 151111-)11[,Βαᾱ. 580. 610. -11111111111297, August. 64
1111111115 8151151111, de 220. 541. 562 8111331111 11111111111111111511111·

309. 314. 446. 664 8151111311 1. Turio. 552. 575 tarum ²¹,1 523
8151111111 (11111113111. 1111111111- 8weinhein, de 362 8111311111 ’111115 de Neuburg 1111.
91111, dev. Kechler 8111111311 1, 815111113111 Cur. ¹³5¹, 639

 

