INDEX NOMINUM. 695

Blesum v. 31010 3000010009 d. Lucem. de 490. 492 28. 29. 45. - 990011 3001101000,
31010 de 3011100119090001010475 30000000, Lacus 466. 473. 482. 661. 011οο00, chuonradus, Heinrieus‚
3100000 v. 31000 ’ 669 6001110100, Iohannes, 1111011001,
31110001103101110011 3000100 pf. 300. 8100100010 3010- Theodericus, Ulricus
Blidegg 0. 31000900. 31100990 473. mum, Bodeme‚ 30000100, 3000010 3011109εο d. 8009011. 572. 600. 603.
487. - 00 532 Ι 230. 667. - 00 197. 289. 312. - de 612. 613
311000100111010 223 323. 395. 397. 509. 622. 633. 670 301003000913008100100 3010011-
3110010900 pf. 117101. 81009001 3110- 3000091300100000 300010181 0110030100011, 0008000001ἰο
010900, 310101910, 00 143. 144. 3000010 v. 3000100 - 3000010199
252. 253 30160900 v. Bopfingen 3011010011 913003500110900301- .
361001000001310111000000009 30901011091110 0101, 00 62
31010, Blesum, com· 11.-’0 220 30900019. 009001309011000, 3090- 3010900, 3000010212
31501100 ps. Wirt. 8001900 3100- narius 64. 89 3010010, 3010010, 3010010250. 254.
0101236 3091110 v. Vogilin 256. 257. 258. 259. 000001301οι-
31010110110 pfl Alsat. Μ6111100000 3119110091. Rae. Memminyen 3009- leus, Kazimir‚ 8010010
3101011010, 00 355 110, 3009110, 00 105 Bolrewil v. Bollsehweil
Bludenz 010. 3000011009. 3100000, 3011011 9. 310900. 299. 303 3010011οε00 v. 3011011000οο
310000, 3100000, 3100000 630. 3011110191.110111)019 3010001101ιο pff. Aleat. 8010010001,
633. 634. 667. - 00 624. 633. 30110010, 30110011 (30001001) 152. (10 298. 299. 300. 301. 303. 304.
639 362. 479. - 0000οε 1000100000, 805. 307. 368. 374
31000001. 8910001001] 1110111000, 2011001000. - reges: 301010ωο0991. Wirt. 11700900, 00
3100100900 ps. 13101. 1088101900, de Heinricus‚ Ruodolfus‚ Symund 177
144 3011110900 ps. 300. (mrem Bol· 3011010900 pf. Wirt. 3000001009
310000000000 v. 310001000000 110900 293 3011010900, 00 211
3101111011 V· 0100111011 35110100100011 pf. Wm. (1010110900 30110ὴο00000.Τή00900. 3010000000,
31111111· 11110. 31001110, 1’100400 300119100000144 3010110000, (10 389. 396. 397
551. 554· 555· 550. 561. 500· 579· 3011010900 (1101100191. 101016εο0- 30010001 0301100110
533 110190οι, 30110900, 301900, (10 57. 3010901100 v. 3000900100
01001000131000001100 00. 00. 01. ee. 91. 121. 143. 144 Pommexsfelden ps. Bav. 000000
Blumenberg, Bluminbereh, 3011110900 pf. 11601. 1100010 30110· Βοο10100101000,00194
3100013019, 3100000000011, 910 263 3000000 d. 601000. 30000000 629.
310001500011, 00 216. 286. 288. 11901109 pf. 300. Mamm 11 632
380. 299. 300. 308. 310. 311. 312. 3001110900, 30111οἰ09 11. 26 3000001 v. Bonndorf
313· 314· 389- 390. 391. 392· 393- 30111970010301111000 539. 541. 30110000 9. Turio. Bonez, 30110000,
395. 390. 391. 442· 461· 492· 503· 552. 553. 555. 559. 563566. 568. Faba 553. 557. 558. 562. 564. 568.
535 570. 571. 579. 585. 587 569. 570. 575
3111111166 Pf· 3011· 3011011011 Bh10· 3001000019 ps. 300. 1100110900 301· 3001100100 archieps. cantuar. ²⁰11
01099, 3101000001, 31000099, 9019,(10(30110901901)56.57.58. [12701220
3100000010, 00 297. 298. 299. 59 30001001οε0ρο[30000001100900000
300· 301· 302· 303-3013053010· 3001035111 000010011516
307· 308. 310. 311. 1110314323· 3010010 v. 3010010 3001001111. 140900. 3000101010, 00
506. 508. 509. 529. 569. 607 3010110900 v. 301100010900 592
31001οο01010 a. (1. apud Frauenseld Poele v. 30111 3001000011 ps. 1010100110οι 300-
11- Το111901· 0110000100, 00 394 3010010110 dux 30100100 245. ’1110 100010 152
Po, 300100 627 263. 325 30000001 010. 300. 3000001 597.
3010100010. 1101. 474. 485 301900000911000011009. 11009000 614. - de 301. 306. 308. 309.
3010110, Pobbo v. Poppo 3019000011 147 492. 607
30510900 ps. 300. 00905009 62. 64. 3011 pf. 300. 30000001 Belle, de 3011019001οι pf. 117101. 3019100101
65130 299. 301. 302 ’ 30019101οἰ01,ᾱο 143 ,
3011110900 civ. 111101. 3050110900 3011 91300111000101005, 00 293 300010900, 300010910030010900
209. 211. - 00 209 3011 9111601. 0699101900, 00 143. 3000100110 v. Boniswil
000090091101000000900 215 00000000000001000001
309. 313 30300010900 d. 30001. 3010110900 3000101100 d. 30010. 300001011εο
3000000010101. 3000001010 498 572. - de 383. 452. 529. 531.
30000100 9. Turio. 425. 539. 553. 301100011οτ v. 3011οο00011 539. 540. 542. 543. 544. 545. 546.
589 30111900 (1. Rem. 3011109οη, 301· 557. 567. 576. 583. 614
300010 v. Bodolz 111100, 30130900 492. - 00409. 30001010, 00 636
3000010, 30001000 v. 3000100 411. 413. 414. 416. 418. 492 3001 d. 10005009, 00 385. 405. 406.
30000 ps. 300. 1110001009 ante 3011109 ps. 300. 1301110000 301109, 407. 411. 416. 417. 418
Silvam, 00 92 3011109008. 10. 12. 17. 19. 26. 30010, 009. 00100137. 642. 646

 

