INDEX NOMINUM. 739

3661161 pf. 1616116619. 1161116116 3611666611 61. 117111. 3116616113 (116, 06661166, 01116116,11616,116-
36661, 361616, 36616 454. 466. 36666633, (16 144 tonica
475. —- (16466. 629 3611666616 v. 3166 3666161661 armiger 571
3661161611 pf. Bav. 1111116361( 36611· 3611661616 111. Bai. 1166116961( 36611161 (1. 36119611. 3611661661
stetten, 366661611611 91. 92. 94. 366666161636116616166, (16165. 466. 472. 473. 474. 486
118. 125 218. 219. 220. 221. 285. 286. 287. Hohin· 36111- 6361166- Hom·
36666161166111. 3611. 6116611165 390. 391. 392. 395. 396. 453. 500. 36116111.Η66(1611
Hoebben v. Hewen 3611666161 mons 11119166 Silvae 337 361666 v. H6ngg
366611 v, Heudorf 36666366061663611111.1171111176 3616161. 3661161
361, (16, 3. 0111, (16 Curia 621. 61119611 255 3611611 (0661· 1111611613 (1111166111.
626. 629 3666666666 v. 36666 364. 378
361, (16, 1. 116 361 3666663166 1. d. apud Bewhz'ilen 3613616613, (16 535. 565
36166 a. (1. apud 6111166613 pf. Win. Blaubeuren 3611661111- 3616611111. 11116616, (16378
, 11111. 1161111366 361166, (16 214 luva 166 . 3636161311.2611313661163611361·
36166 (1. Bam, de 411 Hohenkarpfen pf. 11111. 1161116361( 61613221
36166 pars 616. 11111. 1116111616- Κ611111111,(16260 3611616111 ps. 3611. 1666616661-
116161( 1666661. Buehhorn: ma· 361166111161166111. 1111116161111, 61616 333
316116 116. — pposi: 1116611116, (16(3611611111161161) 34 36116663661.Η61666366
0611166116, 1666666 Hohenklingen (1. 3611611666. Hou· 361661611161 Bav. 7166161616, (16
36166 11111111. 0666616111, (16 144 (6161116316, (16 540. 558, 631111- 26
3616611631. 111111116111161111 3616- 366 361166 pf. 361. 1176116366 36111
,11616166 3666616666( pf. 11611. 11113611 124
11666366 ps. 11611. 1661111613 He· 01661611. 01613111, 01116316, 31613, Holzhausen d· Turi-⁶· 1106769891,
1111366 209. - dapiferi (16 60. (16 187. 323. 460. 469475 (16 388. 437. 446
64. 134. 137. 209. 259 366661660611661311. 711116. 380. κ ΗΟῙΖῙὶθΠΒθΠΡῇΒαϋ-ΛΨΜΨῼΗΟῙῈΖ·
Hoff, dev. 1111 361 (16 383. 533 66666 61. ·- de 125
36116663141191161. 30. 59. 62. 66. 3666616116, com1 de Adelhaidis. 3611666666 ps. 366111611611611 ΙΙ
121 - (16 311 3616161616 21. 30. 43. - (16 10

3666616161 v. 3111111166, 3166661610 3611661616 (1. Ducem. 36111616, 3611661611Βαυ.11161111611116116-
3616161166 (1. Turio. 3636161166, 3661616, 366166 441. 542. 543. 11611161. 62. 68 ·
1161616166 iuxta 11611611 513. 553. 561. 562. 564. 572. 585. - (16 Homberg 63040911· H⁰h⁰¹1berg‚

556. 562. 563. 580. - (16 387. 352 36116616 477. - (16 535 [2]

447. 555. 560. 561. 564. 572. 574. 3611661661 ps. Bav. 6166611661, 3616616611611611 d. 711116. 361116-

576. 601. 603. 622 (16 23. 29 1666111166, 36661666111166, dapi-
3616161166 (1. 1111161166ῖά. 361616166, 3666616666613 1. 1166116613 1611 (16 362. 583

(16 369 366661616666 v. Reiohen 3611161113 a. (1. apud Gelterkinden
3616161166111Βα11.111611611111,316- 3666661661 pf. Win. 6616611636( (1. 36611. 3666666613, 3666616,

661666 (16 90. 92 3611666161, (16 144 36661113, 6616114666, 3110611666,
36161611661113611.Ι161((161161926 3666661613, 36666661613, (16 90. 93 Η61111611666,161166666,Ι16,11611-
36166161111. 36601161161119 3611· 366666163166, von der 540 616116, liudolfus, Wernherus

wiler, de 303. 304. 307 3666661611 ps. 1161136161 361166- 36616613 11136118166666113611111-
3611636611- 6161, (16 78 6616, 3666613, 3611661113, (16
3661166- 36616- 63661166-361166- 366666166166111117111. 0611316366 214. 216. 220. 284. 290. 396. 506.
3666661166161111.116611611111119611 31661166, 81663611, Caesares v. 596. 605. 675

411611, 4111161111 78. - (16 74 Roma. -— camerarii, 1616161666- 3611161661. 4111166
3611666613 ps. Wirt. Spaidiinqm les (16 143. 144 Homo v. 061

3666666613, 66161 Agnes, Al- 3666661616 a. (1. apud 0661616116( 36116613 1. 36166613, 36166613

661166, Α666, 3611111616, 1161- 111117111Μ111161636113666616111, 36666 v. H6ngg

316111, 1116616. —— de 230 3611616166, 3611161616, (16 102. 3666111366 111366116661161611111366
366666661666111. Bad. Ρ16116111611 168. 244. 248. 249. 253 3616616366 311. 312. 313

221 3666661606161.81611“6111 366633 [d. 4611666111] 3666336
3666661666111. 11611, 1161161611( 3666616161 pf. 11111. 7611116361( 111 monte 1163366616 484

36666611666611430 76161290 ¹ 366633 (1. Lucem. 36116336 495
1166666613 pf. Alsat. 3666116066 3666611161 v. 11666161 36633 (1. Turio. 36663, 36611336,

36166616, 666* 3111111 366666611111. 116113616666611611661( 36661111, 1161666, 36666 362. 384.
3611666613 pf. 366. 1⁰61.- 11611611· 366666661133-35, 69. 120- 386. 550. 554. 558. 559. 569. 584.

burch, (16 32. 12111] 6661 3661661616, 1131166, Barbara, 590. 599. 601. — (16564. 571
3611660611 v. 3666666611 Benedicta, Β611116, 01616, 111116- 3661161661. 0661161666
3611611633 pf. 11611 61161611 36611611- 11616, 3111161316, 3111136116, Hi· Honorius papa: [11] [3111130144.

633, (16 36. 178 6161116616, 6613611116, Μ661111111- - 1111] ¹⁷1³ [12271218. ¹⁸.'³ 591

93*

 

