1161611 66616611. 773

Schneisingen 11. 141966. 86616666, 8666166619 pf. Wirt. Τ6611669 86666966619.1469666.8666696661,
86616669, 8666663 556. 584. 8666666669, de 160 Schongawerius‚ Schongowen‘us
610 86666 9. Τ11116.529. 557. 561. 565. 58. 69. 70. 71. 73. 121

8666616116 300. 303. 305 578. 605 8666666666 armiger 571

8666616 v. 86666166611. 8666666 61616616. 866666666 660. 8666616166 472

86666166666 (0661- 161666) pf. an. 331. 332. 333. 116 (cogn. Htirus) Schonneg v. Sch6negg
14166661 86666166666666 71 367. 375. 528. 532. 534 86666616 v. 8666616

8666616661916711166.8666616669 8666666, 116 9066166116. 86666666 8666666616 616. apud Hohenweiler
531. 533 288. 453 ps. 2616166619. Β169661 86666616-

86666111.866666116 8666666 ps. Bav. 1111111116 866666- 66616, 8666166616, 8666666616.

866661166, 116 408 666, 8666666181. 182. 183. 184. «8666666666, 866666616, 8666-

866661116966 ps. Bad. 11⁷olsac0 185186.187.188.189.190.192. 66666, 866616666. 866666616, 116
8661116966, 116 303 193194. 195.197.- de 199. 200 101. 102. 104112. 113. 114. 118.

8666666666 9. 14691166. 86611666 86666669, 116 313 182.184.191.195. 196. 199. 503.
11. 58. 59 866611666667111 11616. 211 621. 647. 667. 677

86666116 666111666661666. ¹¹2. Schondorf pf. Bad. 1166116669 866666661 11. Basa. 412. 491
[904] 44 8666660616, 8116611611 121316. 8666666116 v. 866666666111

866616666116,86661666616 481 17. - 116 (Schondorfer) 10. 11. 86661666 9. [111661. 569. 633. 640

86666696866661616966 5 12. 14. 15.16.17.19. 22. 26. 28. 8666166 691611611186119611.86661166

6616116, 9116669. 616619 69. 30. 31 482
8666666116, 8666116, 86666116 1 866666161119616661411966111986666- 86616696666 9. 011666. 641. 642
297. 298. 299. 300. 301. 302. 303. feld Superior 92 86661166 1616116. 86661166489. 498
304, 305. 306. 307. 308. 309. 378. 86666693(0661-1111“61161-) 1616616, 8666611166 9. 1116616169. 84
384. 410. 509. 553. - Β61661696 116418 86666666616, 116645
116 6666666611(66ρρ) 297. 298. Sch6negg ps. Bav.100rt1'ssenSehen- 86661, 866661 281. 464. 475. 476.
299. 300. 301. 302. 303. 304. 305. egge, Schoenegge‚ de 59. 66. 72. 480. 481. 482. 485
306. 307. 308. - Β6661 303. - 92. 204. 259Ι 866616, 8666616224
1116611303. - 116 8616666161 304. 8666116611, 116380 866661666666 6. 8666666666
- 116 1166116611 297. 298. 301. 8666666661911. Τ11619116861166666- 86666611.16166111.8666661,866ό66
303. 305306. 307. 309. - de berch, de 286. 288. 349. 449. 355. 493. 494
Weisweil 297. 299. 300. 302. 307. 451. 452. 532 = Schow· v. 86666- 866661·
339.341.-1161716666611298.299. 8666666669 11. Turio. Sch6nem· 861666961169.0111.620
300. 301. 303. 304. 306. 308. 309. berg, 116 541. 546. 585 81666666661119. 1166161169. 105
-6166661307331-616616961 8666666661996 Bar. Kempten, de 86616666666166 pfiBav. Ν6111111ι966,
309.-1166ο1297.299. 301. 304. ¹198 . 11690
306301- 66161666299. 301. 86666666666(0661-Ν1”61161-)6681111. 86666666661171
303. 305. 307. 308. - Κ661297. 86666166666,8666666666666,116 86616611 9. 61191166. et Monac.
301. 302. 303. 305. 306. 307. 308. 513. 520. 521 81666666 11. 56. 60. 66. 67
-111169301305306, -161161 866666666616669166160.86666666- 8661616666 ps. Win. 1611666966
306.-1666661297. 298. 299. 6111161, 866666666661, de 390. 393. 861611666666 76
301. 303. 304. 307. 308 394. 395 8661166119. 6966661161] 219. 220

8666666666666669612116. Menam 866666616111(Ν1’61161-)9[. Β66.Αι“611- 8661616666616 611. apud 84611697.
Snezenhusen 289 6111 8666616111 Inferior 91. 94. - 71166111161166118661616666616, 116

86116166 ps. Vorarlbery 1161161611 666* Anna 544. 651
86661166 634 866666666111 a. d. apud Dictikon 8661661116 9141191166. 816666158. 71

86666666666666 72 cl. Turio. 8666666616, 86666666- 86616661 91469666. 86616666156.

8666866669 ps. Bav. Iandslaery werd, 8666666116 580. 591. - 59. 62. 64. 119
8666661669 2230 116 354. 364. 370. 377. 380. 427. 8661166661 9. ruric. 542

8666611666τῖ 16. Turio. 8666861061 430. 431. 434. 435. 436. 438. 439. 8666111 v. Techudi
526 539. 545. 553. 554. 556. 559. 560. 8666161 116 0666616161 303. 624.

8666661660 16. 141966. 8666666166 561. 566. 569. 572. 577. 580. 581. 627, v. 6666611661
349353 583. 587. 590. 594. 595. 596. 599 866616 11. amon. 86611, 866116,

8666166666 v. 8666666616 866666666111 11. 86161161. 8666666- 8661166 641. 649. 651. 652. -

8661666166 8661616116 666· 1166666. 66162161161761116 Burgondie de 644
¹⁸1³ [1500] 123 437. 496. 555. 559. - 696611 866616661661116Ηο11696619691166116

8661666166 1166616 magistra 116961- cunradus, Η6666, 16666666 310
berg. ¹²J11 [1453] 373. ³⁰„ss 381 8666661166 v. 86661166 86661666166 9. 8616116116. 116 Turio.

Scholer v. 8666161 86666966 616.Β611.8666696164. 13 8666166616, 866616666619, 866166-

Schollenberg 11, Turia, de 387. 86666966 d. Imm. Schongow, tus 194. 286. 385. 387. 449. 500.
407. 410 8666696666350351352355356 501. 503. 504. 505. 507. 509. 510.

 

