INDEX 1166111611. 765

8161161666 6111181161666. ¹⁸:⁴2 [1666] 816666 d. 141866. 81666 362. 363. - 81611618 (1. oman. Rieperch, de
458 66 373. 374. 376 625. 637. 638
81666166661111.[11111)1168.]111310 816666 [6. Sum} 81666, 81666, 8161161611. 866, 1111111861( 11161-
238 66 513. 515. 516. 521 116161, 66 217. 257
aichardus 666. [1468661] ³¹1⁰ 70 816666 (1. Turio. 816666 16116 81616611 1. 8611666
8161161666 ppos. ⁷4⁸ 46 (116116 551. 554. 564. 565. 560. 8161611 v. 8668666
81611616 rex [8616] ¹4⁴ [1284] 219 567. 583. -villici 66 553. 556. 811616 6. 6. apud 1111611618 6. Turio.
81611166 6616. ’1,’1 272 ’ 561. 564. 574. 577. 582. 585 8111616, 66 565
Richenza com¹ de Bavaria [de Rieden(Nieder·Jps.Bav.lller1ss3m Riserswile v. Rifferswil
Ebersberg] Juni 362 1116661661, 8166616 111. 115. - 8111 66 8116688 9. 68666116 532
. 8161161666614661111618 '⁴1⁴ 96 66101.164.106.115 8116606181116116611618
816116616 6661ι [66 8611661116] ²¹1³ 816666 ps. Bav. Landobery 19. 26- Rifferswild.1'urie. 1116611111616611·
1080 346 66 68 1111, 8116161116, 811666616116
1116111616 com· [de Schwabegg] 81666684.116111161186674 432. 567. 572. - 66 374
fundatrix Ursberg. ’1,’1 129 816666 ps. 11161661611616 8111166111. 11161. 1116161( 86666 47
1116111616 com· de wirtenberg. 144 816666 1. 81661166116666 81111661116 610
8161116111 666. 8611616166 ²¹10 245. 81666166 61861. 1611666618 81- 8188666111661618611.8188666611-
249. 252. 261 (1616116 43 1111, 66 447. 456
Richkm coma navariae April, 361 Riederen‚ 816661, 66 198. 299. 302 8188166618 (1. Rern. Rickesperg,
81116611 imperatrix ¹⁸1. 279 8166616 apud 1116111611 (1. 8668611. 1118668618, 66 406. 410. 411. 417
81611611 6664116661] 11. [post 912] Riedirn 413 Riglisperg 495
278 8166616 am Wari [1111668666- 8186111116, 66 496
81111666 abb. 11],258 dors Rieden 661) 666116 11166- 8111-1. 81611-
Riwinus abb. 81616. ’11 675 1116866 613. 615 111116. Turio. Rike 566
816116666616. ¹⁵1„ 480 8166616 [ps. Bav. oberdorf 1] 111- 81616616611 apud 11111611161861.
111661668618116661618] 111, [993]2’[9 6616, 66 117 475. - 66 291. 376. 383
8161661616,66159 81666661116866 ps. 866. 116166(- 8116616611611116111811166116611
8161166666 1111666111. Riehense 443, 6661111861( 81616661116866 312 347, 348. 349. 350. 352. 355. 356
- 66 380 8166116116 (1141961. 8161116111, 8161· 8161666661] (1. snit„ 66 664
81686666168161161616, (16975976, 1166 596. 591. 595. 596. 597. - Rikenbach 6. Turio. Riehenbaeh
446. 448449. 452 66 551. 578. 580 361
8161661861 11 Lucem Riehendal‚ 8166116116 pf. Bar. (16610619 8161- 8111661661] (olm-J (1. 1111611616.
8161116161, de 350. 354, 402, 528 haim, Ryethaim‚ 66 73. 91. 94 Obernrikenbach 364
8161166161, de, 9. 0611116111, 280, 288, 8166116866 cir. 111111. 866116866, 8161666618, 66 446
453. 566, 567. 570. 670 8666116866, 8666686866 250. 8161668618 v. 8188161618
81611616116666 1.86161161161166666 254. 263. 448. 509 8111661668 Longior v. Langen·
81611611, de 411 81661168( ps. ’1116166616 81611- richenbach
Richilinus 1. 8666111111 11616 675 1111161 (8111116616) 6161166661618.
816116166111161483 · 11166161 y. 11118661. 1116161 25. 67. ²²12 135. 258
8161616666 498. 499 76. 122. 123. 126. 128 8111168866 v. 81661688
8161161616 1. 81616661616 8166111616. 111861. 816161, (16490495 86661661161291
81611666618,66296 1116861111. Bud. Emmendinyen 86- 8666661618 (1. 77161861. 816116-
8161116111111 (1. Turio. 816511161116 gale, 8168616, 1116861 341, 362. perch, 66 534. 535. 536
572, - de 564, 580, 533. 596 545 1111681116 abb. [Campidon.] ²²1⁸
irretwir, 66166 rregsow v. Ruegsau [pour 661] 416
816- v. Ried· 8161166 (1. 86611. 81611616 597 8116816611 pf. Wirt. Leutkirelt Rin-
Ridens, 66 414 111616 (1. (111666, 81616, 8166 621. pach 286
1116161 9. Monac. 31. 69. 121 628 816- 1. 11616- 811616- 8161-
8166116866 pf. 1166. 11161111186118111- 8-1616616866 [11866. emtam 86- 81661166 v. 8066666611
11686661 16616866, 66 393 8168661618 pf. Bar. 1116666, 66
8166116 337 8166611 8111111166. 8166611 181182. 1. Horben
11166 [(1. 861161] 1116, 8166 411. 186.187.·188. 193 111118-1. 81688-
418. 419. 420. - 66 406. 467468. 1116861611 1. 1116111618 8168866666] ps. Zoll. Siynm-rinyen
469. 410. 412. 413. 414. 416 8166 11. 8661. 8116611191. 192 816616666611 218. 220
8166 ps, Bar. 1166661619 8161 18 8166116611 (1. Turio. 566. 561. 566. 81688661618 a. (1. apud 711616 (1.
8166618611.Τ611666881661,8161, 576. 578. 580. 585. 586 amon„ 66 631
66 197. 199. 200. 267, 268. 396 11161· 1. 8166- 81688661618 (186111. 8168661618,

816660666866 pf. Bad. 116661(- 11161616686186111. 7766861. 111611 66 468. 461. 494
6661116861( 86116866 313, - 66 286. 287. 288. 295 8168866161811. Wiri. 8616611168
311. 313 11161611. 8166111111 8168666618, 66 160. 163

 

