708 INDEX 1105101051.

116666 11 11616. 1166615616 571] 1111661283. 284. 285. 287. 288. 1666661616 a. 0. apud 1161161110
576. 583. 585 289. 292. 293. 294. 666. 668. 678 ps. 8661116066 1666161116, de
1111116665 1. 1161666651 063616166066 0. 141966. 16366161- 191. 292
1106665563 pf. Bad. 1176101561 661166 348. 356 16666616501666111, 06442 443
Κ666665613, Κ666665613, 1111166· 1636561166 rex 11666166 ¹⁸:¹1 [645] 1666561111 ps. Β60. 061616θή696
[1613 522. 526. 610. - 06 332. 120 166566, 06 310. 311. 313. 314
348. 349. 388. 447. 509. 523. 524. 0656116161. 0615613 166661166 v. 16661166
525 161316366 1. 1516116366 166666, 611, apud 1116161061 415
Κο6666651 0. 8611. 0516666665 1616566116 1.1566656ι1666 166166 1. 2661 1611116
prope 166616 Lucem, 11666665, 1616111366 1. 156616366 1611156116 ps. 061. 0053619294
1106666656, Κ116611661364. 373. 161616611161.0661661161161 06ρί1611 [06 016565666661] 217.
379. 380. - 06 363. 380. 422. 1616660611 1. 0616660611 267
539. 553 061-,161-1.1561- 06611611 [06 016666561662] 501
1166666510. 16116. 0566666656, 161, 06 385 532
11666665, Κ116666665 51 0616 0611660611 ps. 0661111106616161- 061111611[06 οο6116165613]56
2166656616 380. 540. 551. 552. dors 148. — de 148 06ρί1611 [06 8163665613] 464. 465.
554. 555. 556. 559. 560. 562. 563. 0111111611 0. narie. 16156166 539. 467. 485
564. 566. 568. 569. 570. 571. 574. — 06 559, 572. 580 0111111611 [061161056132] 154177.
575. 576. 578. 579. 580. 581. 583. 16111110. 16116. 16111116, 16111116, 226. 234. 237
586. 587. - 06 388. 540. 554. 1611611116 555. 560. 561. 568. 569. 061111611[0611ο5156666111]352.417
559. 562. 575. 578. 587. 592. 601. 576. 580. 584. 585. 592. 597. - 16166311. (1116611. 1166366, 06 640.
602603. 605 06 539. 540. 551 649
066666 50 06166111165111. Alsat. 0465066661 1616016366 1.061611016366
Κ66161016366 ps. 11011. 1115163611 1566611065, 06 351 0616656161 ps. Win. 0051111361 161-
0661611111366 168 1661166 d. (1116611. 1611116666, 16· 1111656161 211. 258
0611666661116178 1616616 623. 631 1611665 d. Gn'm. 161116, 15111·
Κ1111136611. Aryov. 1101116366 349 ’166- 1. Thann- 66516, 06 635. 043
1666656166, 116116616166, 1161- 066656661111 1.066161161161161 0611161616 1. 1161166
166666 1. 5116356166 0666611655. 01166561. ’lu [1012] 14166511 161166 495
Ky· v. Ki· 115 166166161 76
01165616 1. 21616616 066616116366, 066616116366, Dan· Daspach [06166131] 1. 0615613
Cyprus, insula 150 6516116366 516. 517. 521 16616101. 16166666
16631651166 46 1616610661 1. 16111111
066566 [mm Bav. 06656116, dux 1666366 1. 1566366 0611566166 ps. Vm. 16581916 161-
8611161 066361611663111611.11761111561610 5666611 201
0116561666 d. 16116. 166561656166 066161 eps. Bellen.‚ suffraganeus 0111111166 0 111116 16111166 586
437. 488. 439. - 06 310. 438 Constant. 419. 509 - 06 386 ’
memini} d. 16116. 1665561116 06613366 v. 15666163 0511111111. 11111616111111 598
579. 580 16661166 1. 16661166, 1611611611 1611111111. 14196616166111166616·
06656 61469661. 58. 61. 65. 70. 71. 16616366 v. 156616366 1161111661 284. 286. 287. 288. 289.
72. 155 1666163611. 15616163 290. 291. 292
066565616, 06 89 0661611616116131. Win. 1161616- 06636110611 ps. Win. 0160116361
0665616166 0. 16116. 1665666166, 5613066656661111, 1666511616- 063160611, 16366οο11, ‘roagiu-
1665116616 595. - de 589 wilare, 06661611111161, 06111· 0611, 1661160611 243. 252 258.
0665611613 1. 0615613 1611111161 675. - 06 157. 164. 259. - 06 244. 252. 258
066561663611 ps. Bad. Fretbury 201. 341 16616 1. 15661
166561663611, 1566166366, 06 166101156166 1.0663611656166 1661166111 1. 161111
299. 301 1666116, 06 400 16166666 d. Bm. [0665616Ιο66]
1661116366 1. 06156366 1666 380 1661610, 06 419
163666661166 1. 0636666066 1666[1566611[.Βα611111612]0648 06110 abb. ι’116 50
’163616166366 d. 111116. 163616- 166666 pf. Wire. 1611116119 066- 16110606 624
11661582 nove, 16666116 258. - 06 396 06166 0. 6116611. 16166, 161161
16636656 1163611116 16666,166666,166611.Βῑ15161- 625. 689
02361166 0. 16116. 16361166, 06 11161111, 15666 0615613 1161166. 01666111196106656·
514 16666330.1561961.1611633,1666- 3613, 06566616, de 106. 111. 199.
1536166566 d. 1561966163616656, 6336, 156666336 399. - 06 200
1636165616 400. 449. - 06 396. (16116361) 399. 505. 511. 527. 06663611666616566666
399. 532 528. 529 166561. 1661
1536106661561361.16361111661, 1666633311. 066116611116111666- 16655110610561111111111
1636111116, 1631110616, 16136- 661, 06 308. 310. 313. 387 0661166161 1. 26566061

 

