702 1116111 5611111611.

5616651561 1. 5516651651 6511615, 116 24 511161 ps. 2617. 1111515961 51111161
561161. 5511 656561558611, 656115586515111· 535

5511615665 archipbr. '10 64 1155865 511115865 ps. 15111. Eanum 5111·
6566616556165511611)66111.111278. 656515 1. 66516 1158611, 116 91

478 6565- 1. 6611- 6611 511155586511.Αν961.6551161115865
65566116961116155111 [68821275 651158- 656518- v. 561118- 511111511865 552. 571. 591. 594
655116 1. 56111 65551561, de 433 5116 116 5116655618 9.Lim9au.616.
Chalcedon, eps. Henricus 65568611. 56851 677
6551656 sur 115156, eps. 51161· 651165-1.6611-6611· 5111111611.511161

56151116 6566111561 [5161561991 Bav. 5111- ije 9, Ima... 166
Cham 11. Tua. 6551116, 6551151, 1111971, 116 24 6151615618 1. 5155615618

Ram, 5556553561. 569578. 6561151565 Rhodia 6111. 449 5156556665 11. Tum 5151111661

579. - (villici) de 364. 373. 422. 65616516165, 6561156561151511- 596

544. 553. 558. 559. 562. 568. 570. 11856165 6158115, 116 519

572. 574. 577. 579. 580. 581. 585. 65115518 147 511169618116233

587 65166655651. 5116651165 Kinthusen v, Kindhausen
6555561651. 56155618 515518 d. Turio. Cheiburg, Chi· 111118111111111111651158155 342
6555195856, Campania, 6651. 598 511165, 515618, 5118151118 400. 519165561811861051111611516
65515661515, 116 648 - com. 415. 5981555586165· 11111119, de 103, 611, 6ῖ1
65511151. 6115111 16111, 5561551666, 11855, 511611- ijpenhaugffl ps, Bad. 6511161911
656- v. 56· 5615, 6611511161, 5111555556, ehipinhusin Μ
65615618 v. Kiburg Η61511666,Η6151551166,165511511, Kippenheim ps, Bad, Etm'u
05655155165 1. 1116561165 55181615 116651511ᾱί6, 81651515, Κῡρρρῃῂρῐιῃ, de 299, 311), 3111,
65611661.551166 6115111666, 1111115111, 7161115616. 303. 305. 306. 307
6515115111. 6116611. 6611616 641 - 116 364. 367. 373. 380. 416. 51165515, 51165515 1. 1111655615
6515165116, 61516556620. 630642. 474. 495. 590- notarius 287. Kirchberg d. Aryor. 5116511618,

646 563. 592 651156165 348. 353. 523
65165666 Bar. 8111111. 51611166 9. 51655651. 51155665 55655618 11. 81111511655618494

29. - 11116611 6565151166, 165511- 5165618, 116 119 55655618 ps. 15111. Bm& 212

566, 5611116116, 11111656 11161 9. Turio. Kyel 561. 573 5565561891117111511115171151115-
Chien- v. 11165- 51655618 d. 111116, 116 581 5618, com: 118566, 14555 Rem
651- 1. 51- 51611166 v. 6516111666 81656, 66111111, 6115681151. 5511-
6511561651.511655618 5165 a. 11. apud 1516111 d. Rem. hardus, 5116556111, 5111156511.
1111118611 v. Klingen Kyen‚ de 348. 416. 483. 495. Fridericus, Hmlohauoe,

71

656511 647 538 11665615 5518516155, 61161111·
6566111591661116111 29 5161151165 ps. 81111.Βαο]1611656111- purg. wilhelm

6568511. 56851 1111551115, 5615655115 28. 51 5116551651 ps. 71161. 5516655155·
6561651115 1. 56115565 51656619. Τ11116.611165561,51611561 11116561 19
6561611111 1. 0151111615 554. 561. 504. 565. 574. 576. 577. 5116511611 1551961. 5116511611 521.
6515556165 v. 51655618 582. 583. 585. 586. 587 570. 611
6511618611611 ps. Bav. N6rdlin90n 51655618 11 5111611111. 51655618, 116 5116511611 ps. 11711. 11111111161211
ortus 611611, priores: lohannes, 354. 493. 495. 496 51165615, 5116565 v. lfilcheim
Symon 5161156181. 6511651561, 51155618 5116556115
6511611556116181. (1.6911113651161111. 51611619. Turia, 65161161 543544. 11116565 pf. 111111. Enyo· 51161165
11111156111115111965116155669618 574 311
227 51651551 d. Rem, 116 406. 410. 412 5116561191. 1511155169551151515,
6116155 55551165165618. ¹⁴4 [post 111165-1. 111165- 51165515, 11116565. 11115515. 51-
18451409 5116551118 d. Tun'c. Ohilchberg 1165515 215. 216. -116 214217.
6116165556 abb. Salem. ”js [1191] 545. 558. 562. 567. 571. 573. 582. 243. 257

159 601. - 116 539. 559. 601 5116556115 ps. Bar. Munna·-
6116155556 116 51615618 cau. Au· 5116565, 51165, 5116565, 116 (161) 51165515 66

81161. 1111 69. 216 375. 379. 406. 407. 408. 409. 411. 5116556115 ps. Bar. Mende· 1
cristianus 5665561 ean. 5165611111. 412. 418. 421. 435. 436. 496 6511655115, 5111611515. umba
²⁸4 91 5116561111, 51165615, 51165615, 116, 17. - 116 32. 39
6116161616611111 8515115611 [1493] 9. 5161111119. 464. 571. 573. 580 5116556151 ps. 11111. Nem·-
23. 36 5116515511111 9. Cur. 11 711116, 511611· 51165615 91

6516165565 1. 6161111665 5151161540. 569. 621. 643. 645 5116556165 ps. 8611. &auson 5111116
Chrouwelingen 1. 1111111158 5116561, 116, 9. Lindon. 181. 197 ven, de 302

61115611 9. Τ5111961.446.447.448. 5116565 v. 5116565 5565151165111. 8151. maffi-
451 6111561365161116 , 511165551165 2611511

 

