INDEX NOMINUM. 683

46136611 v. Elgg 14116611 6. 3616111166. 500 411611 v. 4116611, 3666666611, Wein·
4116116316 v. 1161116366 41166116. Turio. 577. 586. 587. - 361166
4116661666 111, 3660661166 4161- 66 592. 596. 611 4111161611 v. 41116166
pach 218. - 66 392 41166116. 111616513. 514. 515516. 4111666 ps. 11161. 1611651661 41-
Allenwinden 6. 21111966, 66 535. 517. 518. 519. 520. 521. 546. 547. 16666 27
536 551. 554. 563. 566 4161666691. 1171116661966416611-
4666166666 ps. Win. 111εά311961 4116611 v. weingarten. - comites hausen, 4161166611 206· 648· -
4166116166 168 v. 7116116666 commendator 206
4611111661.111111166 411633 6. Τ1161961. 4116336 467 4116111166 6, 66119611. 416161166,
411163 111. Bav. Brucla 27. — de 41166 1.Η61166611116116 41161611464. 466. 476. 482. —-
(4111636666, 41116311) 25 41166166166 ps. Bad. 1716169611 116161 (villici) de 386. 390. 446.
4111666666611 pf. Bad. 0666111161 4116616166,66199 448. 450. 451. 453. 466. 536. 641
411661611, 66 672 4116616136. 41966. 592 4116161166 d. Turio. 540. 551, 578.
411666666611619111161. 1111116119 4116616361. 1166117616616141166- -de 552. 585
41666661661161, 66 198 burch 457 411661166 91. 116611611111611 41166-
Allmendingen 11. 1161. 111166 1111116611. 1116. 1161911 1161. 3111161166 158
416166631666 249 1616 258 , 41111166 6466616640. 441. 442.
4113611611 v· 4111111106 411661616366 61316966. 4611116616 444. 445. - de 352. 354. 356
4161611611613611116966·11611116116· 11116366, 66 547. 552 411161166 6. 1161666616. 4116111166,
perge 472 411661636166 v. 1163616 (16 371
4116666311. Bau. 41611664 4111166· 4116661161. 411666 4111661111 498
11636666. 70 411661161, 66 610 41666166 v. 1116666
4166666166, 116 74 4116661661 ps. Vorarlbery. Feldkirch 4116666 d. 6111611. 41166611, 66 637
4161666 d. 6116611. Lumine, de 621 4116661111 647 4116116161 1. 116116161661
4166661616661. Β66.1)611611661616- 4116166666 6. 11611966. 411616- 411666 6111161111
9611 4166616166, 4166610161, 1111661287. 292. 296 4616616 v. 1161661
4161616666 310. - 66 221. 309. 41111616 v. Ζ66616611116161 4161111111 eps. [Spir] ’11 [9431 275
311. 312. 313. 314. 331. 337. 595 4111666616 d. 41966. 4111111661, 66 41661611. 1116661
41666616316 v. 411666616361 438 4611613 civ. Bav. 4611161611 19
11111616 661 1111111 pf. 166. 6611116161. Ambingin 16116113
4111111611θῖ66. 4161181011θῦ V· 111· 669. - 66 395 41611664161161

1666616166 41111666 111. Wirt. 31561661 41116161 4161116366 (0161- {Inter-1 911166.
411661611 1. 411666666611 116666 (i. 6. 4111161111 ad fluvium 81661611 4163116366, 6163116366
4161116316 v. 411163 Risu) 217. 256 334. 335. 336. - 66 307. 309.
4136611 v. 41116611 411116161 ps. Wirt. 3166116961 244. 337. 339. 493
4196616166 9. 41196111. 58. 62. 68. — de 100 4161166166 rex 41666166 264

120 41111666 ps. 17111. U lm 448 Ambrosius 61663161161661611. ”111
41366166191111111.0116166611 41· 41116161 v. Hohenaltheim 30
66161661 238, 327. 328. - abb.: 4111166111 v. 4111666616 4616161166 v. 4616161166
(16613166,Η61611666, 7111361616 41111166 6. 111116. 41111166, de 442 4166666 611166
Alpnach 6. 1161616616. 4111666611 411163 (0166) 91. Bau. 1661161166 H 4616116 66 8161111666 6111 [1161616-
376. - 66 375 4116116316 17. 32 166] ’1. [post 1451] 603
Alpuren v. 41116166 4116366616111.116116111619,66211 4661166366 1. Emerkingen
4116666 v. 4111666 . 41116166661111.4116161166161 4616116111.46161611616
4166116, 1116661, Elaea 442. 485. - 4166616116 15. 28 4161616 1.]1166
6661. 3131616. - 166666611116 41111166 v. 41111166 4161111666. Τ1111966.4161111616671
3616111611 4116666616166911. 1111111661111111 46161111 v. Ems
41661166666 v. 4116166666 4116166616116116, 66 104. 105. 41666161, 4111366161 armigeri 027,
4161611116 v. 4116161166 111. 115. 116, 670 641. 645
4116116611 1Ρ11616616 apud Brail, 4111666666 611. [Ε161616131 ’1. 4666111636666611146161116366,
6. (11166111) 622 [1045 161 1048] 5. 83. ¹⁷1· 124 4666166366, 66 407. 414. 417
Alta Rippa v. Hauterive 4111666666 eps, 16161. 'lu [1091] 46116666 de 11161666 [0666666111]
4111161166 d. 41966. 497 23. 111 9. 4691161. 57. 59. 64
4116 via (Η6611111661 pf. Bav. 411666616611611.41111166661161161 4616611616 pf. Bav. 1161166ωό111
6666611691), 66 21 41166116. 11161966. 4116661111 285. 4161111611 66
4111661131. Wirt. 1666116966 41116611 286. 287. 288. 290. 292. 293. - 4161661166 lacus Bav. 9. 21. 30
168 66 390. 449 416 011 9. 3616111166. 4166610116,
4111111666.16166111.41136166,41· 4116666661 pf. Βα1. 4161111111 41- 46 6616 0116, 16 1166 499. 500.
1111166, 4111111166 346. 492. 495. 6661666111 328. - 111166116- 506. 508. 503. 560. 569. 583
498. - 66 361. 492 mia, 0116116 461361111ιώ66 Βαυ. Ambra 20

86⁸

 

